trial_number,genome,merit,accuracy,genome_length,door_rooms,exit_rooms,correct_doors,incorrect_doors,correct_exits,incorrect_exits,doors_taken_0,doors_correct_0,doors_taken_1,doors_correct_1,doors_taken_2,doors_correct_2,doors_taken_3,doors_correct_3,did_repro
0,"[99]xmRdcLPDpNHogQJMqRwtfoctApchoIpBxdNQmEopebveHcpLhNieQbnNIwNNKHOnocSdMpJymMNApRvRBaRsMGzQSwvHMNJtNdD",6.44115e+24,0.956989,99,279,12,267,12,12,0,12,12,134,134,65,65,80,68,"True"
1,"[99]xmRdcLPDpNHogQJMqRwtfoctApchoIpBxdNQmEopebveHcpLhNieQbnNIwNNKHOnocSdMpJymMNApRvRBaRsMGzQSwvHMNJtNdD",1.65608e+18,0.965174,99,201,7,194,7,7,0,7,7,104,104,40,40,57,50,"True"
2,"[99]xmRdcLPDpNHogQJMqRwtfoctApchoIpBxdNQmEopebveHcpLhNieQbnNIwNNKHOnocSdMpJymMNApRvRBaRsMGzQSwvHMNJtNdD",5.15292e+24,0.963504,99,274,10,264,10,10,0,10,10,123,123,69,69,82,72,"True"
3,"[99]xmRdcLPDpNHogQJMqRwtfoctApchoIpBxdNQmEopebveHcpLhNieQbnNIwNNKHOnocSdMpJymMNApRvRBaRsMGzQSwvHMNJtNdD",4.38362e+20,0.96087,99,230,9,221,9,9,0,9,9,111,111,55,55,64,55,"True"
4,"[99]xmRdcLPDpNHogQJMqRwtfoctApchoIpBxdNQmEopebveHcpLhNieQbnNIwNNKHOnocSdMpJymMNApRvRBaRsMGzQSwvHMNJtNdD",6.31746e+18,0.9447,99,217,12,205,12,12,0,12,12,99,99,56,56,62,50,"True"
5,"[99]xmRdcLPDpNHogQJMqRwtfoctApchoIpBxdNQmEopebveHcpLhNieQbnNIwNNKHOnocSdMpJymMNApRvRBaRsMGzQSwvHMNJtNdD",2.77845e+17,0.954315,99,197,9,188,9,9,0,9,9,93,93,55,55,49,40,"True"
6,"[99]xmRdcLPDpNHogQJMqRwtfoctApchoIpBxdNQmEopebveHcpLhNieQbnNIwNNKHOnocSdMpJymMNApRvRBaRsMGzQSwvHMNJtNdD",1.79553e+20,0.944444,99,234,13,221,13,13,0,13,13,118,118,54,54,62,49,"True"
7,"[99]xmRdcLPDpNHogQJMqRwtfoctApchoIpBxdNQmEopebveHcpLhNieQbnNIwNNKHOnocSdMpJymMNApRvRBaRsMGzQSwvHMNJtNdD",3.47306e+17,0.963918,99,194,7,187,7,7,0,7,7,101,101,45,45,48,41,"True"
8,"[99]xmRdcLPDpNHogQJMqRwtfoctApchoIpBxdNQmEopebveHcpLhNieQbnNIwNNKHOnocSdMpJymMNApRvRBaRsMGzQSwvHMNJtNdD",5.05397e+18,0.98,99,200,4,196,4,4,0,4,4,99,99,52,52,49,45,"True"
9,"[99]xmRdcLPDpNHogQJMqRwtfoctApchoIpBxdNQmEopebveHcpLhNieQbnNIwNNKHOnocSdMpJymMNApRvRBaRsMGzQSwvHMNJtNdD",6.379e+21,0.951613,99,248,12,236,12,12,0,12,12,119,119,60,60,69,57,"True"
10,"[99]xmRdcLPDpNHogQJMqRwtfoctApchoIpBxdNQmEopebveHcpLhNieQbnNIwNNKHOnocSdMpJymMNApRvRBaRsMGzQSwvHMNJtNdD",2.28836e+26,0.953177,99,299,14,285,14,14,0,14,14,141,141,70,70,88,74,"False"
11,"[99]xmRdcLPDpNHogQJMqRwtfoctApchoIpBxdNQmEopebveHcpLhNieQbnNIwNNKHOnocSdMpJymMNApRvRBaRsMGzQSwvHMNJtNdD",8.72938e+26,0.969492,99,295,9,286,9,9,0,9,9,137,137,70,70,88,79,"False"
12,"[99]xmRdcLPDpNHogQJMqRwtfoctApchoIpBxdNQmEopebveHcpLhNieQbnNIwNNKHOnocSdMpJymMNApRvRBaRsMGzQSwvHMNJtNdD",2.80552e+20,0.952586,99,232,11,221,11,11,0,11,11,109,109,57,57,66,55,"True"
13,"[99]xmRdcLPDpNHogQJMqRwtfoctApchoIpBxdNQmEopebveHcpLhNieQbnNIwNNKHOnocSdMpJymMNApRvRBaRsMGzQSwvHMNJtNdD",4.08256e+21,0.947581,99,248,13,235,13,13,0,13,13,120,120,59,59,69,56,"True"
14,"[99]xmRdcLPDpNHogQJMqRwtfoctApchoIpBxdNQmEopebveHcpLhNieQbnNIwNNKHOnocSdMpJymMNApRvRBaRsMGzQSwvHMNJtNdD",1.07022e+21,0.961538,99,234,9,225,9,9,0,9,9,119,119,56,56,59,50,"True"
15,"[99]xmRdcLPDpNHogQJMqRwtfoctApchoIpBxdNQmEopebveHcpLhNieQbnNIwNNKHOnocSdMpJymMNApRvRBaRsMGzQSwvHMNJtNdD",2.77845e+17,0.968586,99,191,6,185,6,6,0,6,6,100,100,46,46,45,39,"True"
16,"[99]xmRdcLPDpNHogQJMqRwtfoctApchoIpBxdNQmEopebveHcpLhNieQbnNIwNNKHOnocSdMpJymMNApRvRBaRsMGzQSwvHMNJtNdD",7.89683e+18,0.970874,99,206,6,200,6,6,0,6,6,108,108,50,50,48,42,"True"
17,"[99]xmRdcLPDpNHogQJMqRwtfoctApchoIpBxdNQmEopebveHcpLhNieQbnNIwNNKHOnocSdMpJymMNApRvRBaRsMGzQSwvHMNJtNdD",1.35081e+24,0.966165,99,266,9,257,9,9,0,9,9,131,131,63,63,72,63,"True"
18,"[99]xmRdcLPDpNHogQJMqRwtfoctApchoIpBxdNQmEopebveHcpLhNieQbnNIwNNKHOnocSdMpJymMNApRvRBaRsMGzQSwvHMNJtNdD",1.23388e+19,0.957944,99,214,9,205,9,9,0,9,9,109,109,43,43,62,53,"True"
19,"[99]xmRdcLPDpNHogQJMqRwtfoctApchoIpBxdNQmEopebveHcpLhNieQbnNIwNNKHOnocSdMpJymMNApRvRBaRsMGzQSwvHMNJtNdD",3.54106e+23,0.944853,99,272,15,257,15,15,0,15,15,121,121,74,74,77,62,"True"
20,"[99]xmRdcLPDpNHogQJMqRwtfoctApchoIpBxdNQmEopebveHcpLhNieQbnNIwNNKHOnocSdMpJymMNApRvRBaRsMGzQSwvHMNJtNdD",9.87103e+18,0.966507,99,209,7,202,7,7,0,7,7,101,101,54,54,54,47,"True"
21,"[99]xmRdcLPDpNHogQJMqRwtfoctApchoIpBxdNQmEopebveHcpLhNieQbnNIwNNKHOnocSdMpJymMNApRvRBaRsMGzQSwvHMNJtNdD",1.43642e+20,0.96,99,225,9,216,9,9,0,9,9,114,114,51,51,60,51,"True"
22,"[99]xmRdcLPDpNHogQJMqRwtfoctApchoIpBxdNQmEopebveHcpLhNieQbnNIwNNKHOnocSdMpJymMNApRvRBaRsMGzQSwvHMNJtNdD",3.0124e+19,0.971698,99,212,6,206,6,6,0,6,6,107,107,46,46,59,53,"True"
23,"[99]xmRdcLPDpNHogQJMqRwtfoctApchoIpBxdNQmEopebveHcpLhNieQbnNIwNNKHOnocSdMpJymMNApRvRBaRsMGzQSwvHMNJtNdD",9.37311e+25,0.955631,99,293,13,280,13,13,0,13,13,128,128,75,75,90,77,"True"
24,"[99]xmRdcLPDpNHogQJMqRwtfoctApchoIpBxdNQmEopebveHcpLhNieQbnNIwNNKHOnocSdMpJymMNApRvRBaRsMGzQSwvHMNJtNdD",9.96719e+21,0.952,99,250,12,238,12,12,0,12,12,114,114,72,72,64,52,"True"
25,"[99]xmRdcLPDpNHogQJMqRwtfoctApchoIpBxdNQmEopebveHcpLhNieQbnNIwNNKHOnocSdMpJymMNApRvRBaRsMGzQSwvHMNJtNdD",8.64516e+23,0.962406,99,266,10,256,10,10,0,10,10,116,116,63,63,87,77,"True"
26,"[99]xmRdcLPDpNHogQJMqRwtfoctApchoIpBxdNQmEopebveHcpLhNieQbnNIwNNKHOnocSdMpJymMNApRvRBaRsMGzQSwvHMNJtNdD",9.19311e+19,0.963801,99,221,8,213,8,8,0,8,8,113,113,49,49,59,51,"True"
27,"[99]xmRdcLPDpNHogQJMqRwtfoctApchoIpBxdNQmEopebveHcpLhNieQbnNIwNNKHOnocSdMpJymMNApRvRBaRsMGzQSwvHMNJtNdD",5.1032e+21,0.978541,99,233,5,228,5,5,0,5,5,114,114,52,52,67,62,"True"
28,"[99]xmRdcLPDpNHogQJMqRwtfoctApchoIpBxdNQmEopebveHcpLhNieQbnNIwNNKHOnocSdMpJymMNApRvRBaRsMGzQSwvHMNJtNdD",4.38362e+20,0.977477,99,222,5,217,5,5,0,5,5,114,114,49,49,59,54,"True"
29,"[99]xmRdcLPDpNHogQJMqRwtfoctApchoIpBxdNQmEopebveHcpLhNieQbnNIwNNKHOnocSdMpJymMNApRvRBaRsMGzQSwvHMNJtNdD",4.70687e+19,0.967593,99,216,7,209,7,7,0,7,7,119,119,47,47,50,43,"True"
30,"[99]xmRdcLPDpNHogQJMqRwtfoctApchoIpBxdNQmEopebveHcpLhNieQbnNIwNNKHOnocSdMpJymMNApRvRBaRsMGzQSwvHMNJtNdD",1.67222e+21,0.954167,99,240,11,229,11,11,0,11,11,118,118,62,62,60,49,"True"
31,"[99]xmRdcLPDpNHogQJMqRwtfoctApchoIpBxdNQmEopebveHcpLhNieQbnNIwNNKHOnocSdMpJymMNApRvRBaRsMGzQSwvHMNJtNdD",1.67222e+21,0.946721,99,244,13,231,13,13,0,13,13,107,107,65,65,72,59,"True"
32,"[99]xmRdcLPDpNHogQJMqRwtfoctApchoIpBxdNQmEopebveHcpLhNieQbnNIwNNKHOnocSdMpJymMNApRvRBaRsMGzQSwvHMNJtNdD",4.46944e+26,0.969178,99,292,9,283,9,9,0,9,9,140,140,69,69,83,74,"True"
33,"[99]xmRdcLPDpNHogQJMqRwtfoctApchoIpBxdNQmEopebveHcpLhNieQbnNIwNNKHOnocSdMpJymMNApRvRBaRsMGzQSwvHMNJtNdD",8.47915e+17,0.96,99,200,8,192,8,8,0,8,8,107,107,46,46,47,39,"True"
34,"[99]xmRdcLPDpNHogQJMqRwtfoctApchoIpBxdNQmEopebveHcpLhNieQbnNIwNNKHOnocSdMpJymMNApRvRBaRsMGzQSwvHMNJtNdD",7.28354e+16,0.967568,99,185,6,179,6,6,0,6,6,94,94,43,43,48,42,"True"
35,"[99]xmRdcLPDpNHogQJMqRwtfoctApchoIpBxdNQmEopebveHcpLhNieQbnNIwNNKHOnocSdMpJymMNApRvRBaRsMGzQSwvHMNJtNdD",6.91613e+23,0.948718,99,273,14,259,14,14,0,14,14,130,130,67,67,76,62,"True"
36,"[99]xmRdcLPDpNHogQJMqRwtfoctApchoIpBxdNQmEopebveHcpLhNieQbnNIwNNKHOnocSdMpJymMNApRvRBaRsMGzQSwvHMNJtNdD",4.12234e+24,0.96679,99,271,9,262,9,9,0,9,9,127,127,65,65,79,70,"True"
37,"[99]xmRdcLPDpNHogQJMqRwtfoctApchoIpBxdNQmEopebveHcpLhNieQbnNIwNNKHOnocSdMpJymMNApRvRBaRsMGzQSwvHMNJtNdD",7.28354e+16,0.957672,99,189,8,181,8,8,0,8,8,93,93,48,48,48,40,"True"
38,"[99]xmRdcLPDpNHogQJMqRwtfoctApchoIpBxdNQmEopebveHcpLhNieQbnNIwNNKHOnocSdMpJymMNApRvRBaRsMGzQSwvHMNJtNdD",1.79553e+20,0.977064,99,218,5,213,5,5,0,5,5,100,100,54,54,64,59,"True"
39,"[99]xmRdcLPDpNHogQJMqRwtfoctApchoIpBxdNQmEopebveHcpLhNieQbnNIwNNKHOnocSdMpJymMNApRvRBaRsMGzQSwvHMNJtNdD",1.57255e+25,0.960854,99,281,11,270,11,11,0,11,11,137,137,68,68,76,65,"True"
40,"[99]xmRdcLPDpNHogQJMqRwtfoctApchoIpBxdNQmEopebveHcpLhNieQbnNIwNNKHOnocSdMpJymMNApRvRBaRsMGzQSwvHMNJtNdD",1.67222e+21,0.939516,99,248,15,233,15,15,0,15,15,113,113,74,74,61,46,"True"
41,"[99]xmRdcLPDpNHogQJMqRwtfoctApchoIpBxdNQmEopebveHcpLhNieQbnNIwNNKHOnocSdMpJymMNApRvRBaRsMGzQSwvHMNJtNdD",4.08256e+21,0.958678,99,242,10,232,10,10,0,10,10,116,116,64,64,62,52,"True"
42,"[99]xmRdcLPDpNHogQJMqRwtfoctApchoIpBxdNQmEopebveHcpLhNieQbnNIwNNKHOnocSdMpJymMNApRvRBaRsMGzQSwvHMNJtNdD",2.58763e+18,0.974874,99,199,5,194,5,5,0,5,5,104,104,42,42,53,48,"True"
43,"[99]xmRdcLPDpNHogQJMqRwtfoctApchoIpBxdNQmEopebveHcpLhNieQbnNIwNNKHOnocSdMpJymMNApRvRBaRsMGzQSwvHMNJtNdD",5.15292e+24,0.947183,99,284,15,269,15,15,0,15,15,130,130,78,78,76,61,"True"
44,"[99]xmRdcLPDpNHogQJMqRwtfoctApchoIpBxdNQmEopebveHcpLhNieQbnNIwNNKHOnocSdMpJymMNApRvRBaRsMGzQSwvHMNJtNdD",4.75273e+22,0.953307,99,257,12,245,12,12,0,12,12,130,130,56,56,71,59,"True"
45,"[99]xmRdcLPDpNHogQJMqRwtfoctApchoIpBxdNQmEopebveHcpLhNieQbnNIwNNKHOnocSdMpJymMNApRvRBaRsMGzQSwvHMNJtNdD",1.14914e+20,0.959821,99,224,9,215,9,9,0,9,9,106,106,55,55,63,54,"True"
46,"[99]xmRdcLPDpNHogQJMqRwtfoctApchoIpBxdNQmEopebveHcpLhNieQbnNIwNNKHOnocSdMpJymMNApRvRBaRsMGzQSwvHMNJtNdD",2.24441e+20,0.960352,99,227,9,218,9,9,0,9,9,111,111,58,58,58,49,"True"
47,"[99]xmRdcLPDpNHogQJMqRwtfoctApchoIpBxdNQmEopebveHcpLhNieQbnNIwNNKHOnocSdMpJymMNApRvRBaRsMGzQSwvHMNJtNdD",4.42632e+23,0.955056,99,267,12,255,12,12,0,12,12,124,124,71,71,72,60,"True"
48,"[99]xmRdcLPDpNHogQJMqRwtfoctApchoIpBxdNQmEopebveHcpLhNieQbnNIwNNKHOnocSdMpJymMNApRvRBaRsMGzQSwvHMNJtNdD",9.19311e+19,0.963801,99,221,8,213,8,8,0,8,8,107,107,48,48,66,58,"True"
49,"[99]xmRdcLPDpNHogQJMqRwtfoctApchoIpBxdNQmEopebveHcpLhNieQbnNIwNNKHOnocSdMpJymMNApRvRBaRsMGzQSwvHMNJtNdD",1.79553e+20,0.95614,99,228,10,218,10,10,0,10,10,103,103,60,60,65,55,"True"
50,"[99]xmRdcLPDpNHogQJMqRwtfoctApchoIpBxdNQmEopebveHcpLhNieQbnNIwNNKHOnocSdMpJymMNApRvRBaRsMGzQSwvHMNJtNdD",5.00521e+15,0.944751,99,181,10,171,10,10,0,10,10,95,95,40,40,46,36,"True"
51,"[99]xmRdcLPDpNHogQJMqRwtfoctApchoIpBxdNQmEopebveHcpLhNieQbnNIwNNKHOnocSdMpJymMNApRvRBaRsMGzQSwvHMNJtNdD",5.1032e+21,0.951417,99,247,12,235,12,12,0,12,12,110,110,61,61,76,64,"True"
52,"[99]xmRdcLPDpNHogQJMqRwtfoctApchoIpBxdNQmEopebveHcpLhNieQbnNIwNNKHOnocSdMpJymMNApRvRBaRsMGzQSwvHMNJtNdD",1.14914e+20,0.963964,99,222,8,214,8,8,0,8,8,111,111,55,55,56,48,"True"
53,"[99]xmRdcLPDpNHogQJMqRwtfoctApchoIpBxdNQmEopebveHcpLhNieQbnNIwNNKHOnocSdMpJymMNApRvRBaRsMGzQSwvHMNJtNdD",3.50689e+20,0.95671,99,231,10,221,10,10,0,10,10,115,115,52,52,64,54,"True"
54,"[99]xmRdcLPDpNHogQJMqRwtfoctApchoIpBxdNQmEopebveHcpLhNieQbnNIwNNKHOnocSdMpJymMNApRvRBaRsMGzQSwvHMNJtNdD",1.55737e+22,0.963415,99,246,9,237,9,9,0,9,9,111,111,61,61,74,65,"True"
55,"[99]xmRdcLPDpNHogQJMqRwtfoctApchoIpBxdNQmEopebveHcpLhNieQbnNIwNNKHOnocSdMpJymMNApRvRBaRsMGzQSwvHMNJtNdD",1.65608e+18,0.938967,99,213,13,200,13,13,0,13,13,99,99,50,50,64,51,"True"
56,"[99]xmRdcLPDpNHogQJMqRwtfoctApchoIpBxdNQmEopebveHcpLhNieQbnNIwNNKHOnocSdMpJymMNApRvRBaRsMGzQSwvHMNJtNdD",2.40992e+19,0.954338,99,219,10,209,10,10,0,10,10,109,109,48,48,62,52,"True"
57,"[99]xmRdcLPDpNHogQJMqRwtfoctApchoIpBxdNQmEopebveHcpLhNieQbnNIwNNKHOnocSdMpJymMNApRvRBaRsMGzQSwvHMNJtNdD",2.11064e+24,0.94964,99,278,14,264,14,14,0,14,14,117,117,79,79,82,68,"True"
58,"[99]xmRdcLPDpNHogQJMqRwtfoctApchoIpBxdNQmEopebveHcpLhNieQbnNIwNNKHOnocSdMpJymMNApRvRBaRsMGzQSwvHMNJtNdD",2.80552e+20,0.964602,99,226,8,218,8,8,0,8,8,112,112,58,58,56,48,"True"
59,"[99]xmRdcLPDpNHogQJMqRwtfoctApchoIpBxdNQmEopebveHcpLhNieQbnNIwNNKHOnocSdMpJymMNApRvRBaRsMGzQSwvHMNJtNdD",5.47952e+20,0.969163,99,227,7,220,7,7,0,7,7,110,110,55,55,62,55,"True"
60,"[99]xmRdcLPDpNHogQJMqRwtfoctApchoIpBxdNQmEopebveHcpLhNieQbnNIwNNKHOnocSdMpJymMNApRvRBaRsMGzQSwvHMNJtNdD",5.88359e+19,0.976526,99,213,5,208,5,5,0,5,5,107,107,50,50,56,51,"True"
61,"[99]xmRdcLPDpNHogQJMqRwtfoctApchoIpBxdNQmEopebveHcpLhNieQbnNIwNNKHOnocSdMpJymMNApRvRBaRsMGzQSwvHMNJtNdD",5.94091e+22,0.96063,99,254,10,244,10,10,0,10,10,114,114,65,65,75,65,"True"
62,"[99]xmRdcLPDpNHogQJMqRwtfoctApchoIpBxdNQmEopebveHcpLhNieQbnNIwNNKHOnocSdMpJymMNApRvRBaRsMGzQSwvHMNJtNdD",8.05144e+24,0.953901,99,282,13,269,13,13,0,13,13,130,130,67,67,85,72,"True"
63,"[99]xmRdcLPDpNHogQJMqRwtfoctApchoIpBxdNQmEopebveHcpLhNieQbnNIwNNKHOnocSdMpJymMNApRvRBaRsMGzQSwvHMNJtNdD",9.28267e+22,0.960938,99,256,10,246,10,10,0,10,10,121,121,61,61,74,64,"True"
64,"[99]xmRdcLPDpNHogQJMqRwtfoctApchoIpBxdNQmEopebveHcpLhNieQbnNIwNNKHOnocSdMpJymMNApRvRBaRsMGzQSwvHMNJtNdD",1.67222e+21,0.973913,99,230,6,224,6,6,0,6,6,113,113,48,48,69,63,"True"
65,"[99]xmRdcLPDpNHogQJMqRwtfoctApchoIpBxdNQmEopebveHcpLhNieQbnNIwNNKHOnocSdMpJymMNApRvRBaRsMGzQSwvHMNJtNdD",7.89683e+18,0.966346,99,208,7,201,7,7,0,7,7,109,109,53,53,46,39,"True"
66,"[99]xmRdcLPDpNHogQJMqRwtfoctApchoIpBxdNQmEopebveHcpLhNieQbnNIwNNKHOnocSdMpJymMNApRvRBaRsMGzQSwvHMNJtNdD",1.67222e+21,0.969828,99,232,7,225,7,7,0,7,7,110,110,62,62,60,53,"True"
67,"[99]xmRdcLPDpNHogQJMqRwtfoctApchoIpBxdNQmEopebveHcpLhNieQbnNIwNNKHOnocSdMpJymMNApRvRBaRsMGzQSwvHMNJtNdD",1.92794e+19,0.975962,99,208,5,203,5,5,0,5,5,108,108,43,43,57,52,"True"
68,"[99]xmRdcLPDpNHogQJMqRwtfoctApchoIpBxdNQmEopebveHcpLhNieQbnNIwNNKHOnocSdMpJymMNApRvRBaRsMGzQSwvHMNJtNdD",1.94672e+22,0.952569,99,253,12,241,12,12,0,12,12,117,117,59,59,77,65,"True"
69,"[99]xmRdcLPDpNHogQJMqRwtfoctApchoIpBxdNQmEopebveHcpLhNieQbnNIwNNKHOnocSdMpJymMNApRvRBaRsMGzQSwvHMNJtNdD",4.70687e+19,0.963303,99,218,8,210,8,8,0,8,8,107,107,48,48,63,55,"True"
70,"[99]xmRdcLPDpNHogQJMqRwtfoctApchoIpBxdNQmEopebveHcpLhNieQbnNIwNNKHOnocSdMpJymMNApRvRBaRsMGzQSwvHMNJtNdD",2.28836e+26,0.972125,99,287,8,279,8,8,0,8,8,133,133,69,69,85,77,"True"
71,"[99]xmRdcLPDpNHogQJMqRwtfoctApchoIpBxdNQmEopebveHcpLhNieQbnNIwNNKHOnocSdMpJymMNApRvRBaRsMGzQSwvHMNJtNdD",4.34133e+17,0.978836,99,189,4,185,4,4,0,4,4,96,96,40,40,53,49,"True"
72,"[99]xmRdcLPDpNHogQJMqRwtfoctApchoIpBxdNQmEopebveHcpLhNieQbnNIwNNKHOnocSdMpJymMNApRvRBaRsMGzQSwvHMNJtNdD",2.24441e+20,0.944681,99,235,13,222,13,13,0,13,13,111,111,62,62,62,49,"True"
73,"[99]xmRdcLPDpNHogQJMqRwtfoctApchoIpBxdNQmEopebveHcpLhNieQbnNIwNNKHOnocSdMpJymMNApRvRBaRsMGzQSwvHMNJtNdD",1.55737e+22,0.948819,99,254,13,241,13,13,0,13,13,113,113,63,63,78,65,"True"
74,"[99]xmRdcLPDpNHogQJMqRwtfoctApchoIpBxdNQmEopebveHcpLhNieQbnNIwNNKHOnocSdMpJymMNApRvRBaRsMGzQSwvHMNJtNdD",1.00643e+25,0.960573,99,279,11,268,11,11,0,11,11,129,129,70,70,80,69,"True"
75,"[99]xmRdcLPDpNHogQJMqRwtfoctApchoIpBxdNQmEopebveHcpLhNieQbnNIwNNKHOnocSdMpJymMNApRvRBaRsMGzQSwvHMNJtNdD",1.14914e+20,0.940171,99,234,14,220,14,14,0,14,14,111,111,59,59,64,50,"True"
76,"[99]xmRdcLPDpNHogQJMqRwtfoctApchoIpBxdNQmEopebveHcpLhNieQbnNIwNNKHOnocSdMpJymMNApRvRBaRsMGzQSwvHMNJtNdD",5.88359e+19,0.951111,99,225,11,214,11,11,0,11,11,105,105,56,56,64,53,"True"
77,"[99]xmRdcLPDpNHogQJMqRwtfoctApchoIpBxdNQmEopebveHcpLhNieQbnNIwNNKHOnocSdMpJymMNApRvRBaRsMGzQSwvHMNJtNdD",5.47952e+20,0.969163,99,227,7,220,7,7,0,7,7,115,115,50,50,62,55,"True"
78,"[99]xmRdcLPDpNHogQJMqRwtfoctApchoIpBxdNQmEopebveHcpLhNieQbnNIwNNKHOnocSdMpJymMNApRvRBaRsMGzQSwvHMNJtNdD",7.89683e+18,0.970874,99,206,6,200,6,6,0,6,6,108,108,45,45,53,47,"True"
79,"[99]xmRdcLPDpNHogQJMqRwtfoctApchoIpBxdNQmEopebveHcpLhNieQbnNIwNNKHOnocSdMpJymMNApRvRBaRsMGzQSwvHMNJtNdD",6.98351e+26,0.96,99,300,12,288,12,12,0,12,12,141,141,73,73,86,74,"False"
80,"[99]xmRdcLPDpNHogQJMqRwtfoctApchoIpBxdNQmEopebveHcpLhNieQbnNIwNNKHOnocSdMpJymMNApRvRBaRsMGzQSwvHMNJtNdD",7.97376e+21,0.959184,99,245,10,235,10,10,0,10,10,123,123,62,62,60,50,"True"
81,"[99]xmRdcLPDpNHogQJMqRwtfoctApchoIpBxdNQmEopebveHcpLhNieQbnNIwNNKHOnocSdMpJymMNApRvRBaRsMGzQSwvHMNJtNdD",2.07011e+18,0.965347,99,202,7,195,7,7,0,7,7,108,108,42,42,52,45,"True"
82,"[99]xmRdcLPDpNHogQJMqRwtfoctApchoIpBxdNQmEopebveHcpLhNieQbnNIwNNKHOnocSdMpJymMNApRvRBaRsMGzQSwvHMNJtNdD",5.94091e+22,0.95,99,260,13,247,13,13,0,13,13,124,124,67,67,69,56,"True"
83,"[99]xmRdcLPDpNHogQJMqRwtfoctApchoIpBxdNQmEopebveHcpLhNieQbnNIwNNKHOnocSdMpJymMNApRvRBaRsMGzQSwvHMNJtNdD",3.54106e+23,0.961832,99,262,10,252,10,10,0,10,10,116,116,67,67,79,69,"True"
84,"[99]xmRdcLPDpNHogQJMqRwtfoctApchoIpBxdNQmEopebveHcpLhNieQbnNIwNNKHOnocSdMpJymMNApRvRBaRsMGzQSwvHMNJtNdD",6.78332e+17,0.955224,99,201,9,192,9,9,0,9,9,100,100,54,54,47,38,"True"
85,"[99]xmRdcLPDpNHogQJMqRwtfoctApchoIpBxdNQmEopebveHcpLhNieQbnNIwNNKHOnocSdMpJymMNApRvRBaRsMGzQSwvHMNJtNdD",4.38362e+20,0.973214,99,224,6,218,6,6,0,6,6,109,109,60,60,55,49,"True"
86,"[99]xmRdcLPDpNHogQJMqRwtfoctApchoIpBxdNQmEopebveHcpLhNieQbnNIwNNKHOnocSdMpJymMNApRvRBaRsMGzQSwvHMNJtNdD",1.33777e+21,0.969697,99,231,7,224,7,7,0,7,7,109,109,57,57,65,58,"True"
87,"[99]xmRdcLPDpNHogQJMqRwtfoctApchoIpBxdNQmEopebveHcpLhNieQbnNIwNNKHOnocSdMpJymMNApRvRBaRsMGzQSwvHMNJtNdD",1.35081e+24,0.946043,99,278,15,263,15,15,0,15,15,133,133,68,68,77,62,"True"
88,"[99]xmRdcLPDpNHogQJMqRwtfoctApchoIpBxdNQmEopebveHcpLhNieQbnNIwNNKHOnocSdMpJymMNApRvRBaRsMGzQSwvHMNJtNdD",1.35081e+24,0.949275,99,276,14,262,14,14,0,14,14,129,129,71,71,76,62,"True"
89,"[99]xmRdcLPDpNHogQJMqRwtfoctApchoIpBxdNQmEopebveHcpLhNieQbnNIwNNKHOnocSdMpJymMNApRvRBaRsMGzQSwvHMNJtNdD",4.04317e+18,0.979899,99,199,4,195,4,4,0,4,4,97,97,53,53,49,45,"True"
90,"[99]xmRdcLPDpNHogQJMqRwtfoctApchoIpBxdNQmEopebveHcpLhNieQbnNIwNNKHOnocSdMpJymMNApRvRBaRsMGzQSwvHMNJtNdD",2.80552e+20,0.944915,99,236,13,223,13,13,0,13,13,108,108,60,60,68,55,"True"
91,"[99]xmRdcLPDpNHogQJMqRwtfoctApchoIpBxdNQmEopebveHcpLhNieQbnNIwNNKHOnocSdMpJymMNApRvRBaRsMGzQSwvHMNJtNdD",4.38362e+20,0.952991,99,234,11,223,11,11,0,11,11,110,110,57,57,67,56,"True"
92,"[99]xmRdcLPDpNHogQJMqRwtfoctApchoIpBxdNQmEopebveHcpLhNieQbnNIwNNKHOnocSdMpJymMNApRvRBaRsMGzQSwvHMNJtNdD",1.54235e+19,0.975845,99,207,5,202,5,5,0,5,5,108,108,50,50,49,44,"True"
93,"[99]xmRdcLPDpNHogQJMqRwtfoctApchoIpBxdNQmEopebveHcpLhNieQbnNIwNNKHOnocSdMpJymMNApRvRBaRsMGzQSwvHMNJtNdD",7.97376e+21,0.978723,99,235,5,230,5,5,0,5,5,120,120,55,55,60,55,"True"
94,"[99]xmRdcLPDpNHogQJMqRwtfoctApchoIpBxdNQmEopebveHcpLhNieQbnNIwNNKHOnocSdMpJymMNApRvRBaRsMGzQSwvHMNJtNdD",6.91613e+23,0.962264,99,265,10,255,10,10,0,10,10,124,124,63,63,78,68,"True"
95,"[99]xmRdcLPDpNHogQJMqRwtfoctApchoIpBxdNQmEopebveHcpLhNieQbnNIwNNKHOnocSdMpJymMNApRvRBaRsMGzQSwvHMNJtNdD",2.07011e+18,0.956311,99,206,9,197,9,9,0,9,9,101,101,48,48,57,48,"True"
96,"[99]xmRdcLPDpNHogQJMqRwtfoctApchoIpBxdNQmEopebveHcpLhNieQbnNIwNNKHOnocSdMpJymMNApRvRBaRsMGzQSwvHMNJtNdD",1.33777e+21,0.969697,99,231,7,224,7,7,0,7,7,113,113,53,53,65,58,"True"
97,"[99]xmRdcLPDpNHogQJMqRwtfoctApchoIpBxdNQmEopebveHcpLhNieQbnNIwNNKHOnocSdMpJymMNApRvRBaRsMGzQSwvHMNJtNdD",6.379e+21,0.944444,99,252,14,238,14,14,0,14,14,116,116,61,61,75,61,"True"
98,"[99]xmRdcLPDpNHogQJMqRwtfoctApchoIpBxdNQmEopebveHcpLhNieQbnNIwNNKHOnocSdMpJymMNApRvRBaRsMGzQSwvHMNJtNdD",1.23388e+19,0.975728,99,206,5,201,5,5,0,5,5,99,99,45,45,62,57,"True"
99,"[99]xmRdcLPDpNHogQJMqRwtfoctApchoIpBxdNQmEopebveHcpLhNieQbnNIwNNKHOnocSdMpJymMNApRvRBaRsMGzQSwvHMNJtNdD",1.67222e+21,0.961864,99,236,9,227,9,9,0,9,9,111,111,60,60,65,56,"True"
