trial_number,genome,merit,accuracy,genome_length,door_rooms,exit_rooms,correct_doors,incorrect_doors,correct_exits,incorrect_exits,doors_taken_0,doors_correct_0,doors_taken_1,doors_correct_1,doors_taken_2,doors_correct_2,doors_taken_3,doors_correct_3,did_repro
0,"[99]xHRdcLPDpNHogQJMqRwtfocPApchoIpBxvNQmEopebveHcpvhNieQbnNIwNNKHOnocSdMpJymMNApRvRBaRsMGzQcuvHMNJuNsk",8.39735e+14,0.880597,99,201,24,177,24,24,0,24,24,93,93,42,42,66,42,"True"
1,"[99]xHRdcLPDpNHogQJMqRwtfocPApchoIpBxvNQmEopebveHcpvhNieQbnNIwNNKHOnocSdMpJymMNApRvRBaRsMGzQcuvHMNJuNsk",2.98334e+16,0.885845,99,219,25,194,25,25,0,25,25,112,112,44,44,63,38,"True"
2,"[99]xHRdcLPDpNHogQJMqRwtfocPApchoIpBxvNQmEopebveHcpvhNieQbnNIwNNKHOnocSdMpJymMNApRvRBaRsMGzQcuvHMNJuNsk",2.05013e+15,0.875598,99,209,26,183,26,26,0,26,26,93,93,47,47,69,43,"True"
3,"[99]xHRdcLPDpNHogQJMqRwtfocPApchoIpBxvNQmEopebveHcpvhNieQbnNIwNNKHOnocSdMpJymMNApRvRBaRsMGzQcuvHMNJuNsk",3.80218e+22,0.884106,99,302,35,267,35,35,0,35,35,133,133,57,57,112,77,"True"
4,"[99]xHRdcLPDpNHogQJMqRwtfocPApchoIpBxvNQmEopebveHcpvhNieQbnNIwNNKHOnocSdMpJymMNApRvRBaRsMGzQcuvHMNJuNsk",2.07011e+18,0.864341,99,258,35,223,35,35,0,35,35,115,115,55,55,88,53,"True"
5,"[99]xHRdcLPDpNHogQJMqRwtfocPApchoIpBxvNQmEopebveHcpvhNieQbnNIwNNKHOnocSdMpJymMNApRvRBaRsMGzQcuvHMNJuNsk",2.40992e+19,0.875472,99,265,33,232,33,33,0,33,33,119,119,54,54,92,59,"True"
6,"[99]xHRdcLPDpNHogQJMqRwtfocPApchoIpBxvNQmEopebveHcpvhNieQbnNIwNNKHOnocSdMpJymMNApRvRBaRsMGzQcuvHMNJuNsk",6.78332e+17,0.864542,99,251,34,217,34,34,0,34,34,112,112,52,52,87,53,"True"
7,"[99]xHRdcLPDpNHogQJMqRwtfocPApchoIpBxvNQmEopebveHcpvhNieQbnNIwNNKHOnocSdMpJymMNApRvRBaRsMGzQcuvHMNJuNsk",1.32487e+18,0.881148,99,244,29,215,29,29,0,29,29,121,121,47,47,76,47,"True"
8,"[99]xHRdcLPDpNHogQJMqRwtfocPApchoIpBxvNQmEopebveHcpvhNieQbnNIwNNKHOnocSdMpJymMNApRvRBaRsMGzQcuvHMNJuNsk",6.78332e+17,0.896104,99,231,24,207,24,24,0,24,24,111,111,41,41,79,55,"True"
9,"[99]xHRdcLPDpNHogQJMqRwtfocPApchoIpBxvNQmEopebveHcpvhNieQbnNIwNNKHOnocSdMpJymMNApRvRBaRsMGzQcuvHMNJuNsk",2.80552e+20,0.864583,99,288,39,249,39,39,0,39,39,122,122,62,62,104,65,"True"
10,"[99]xHRdcLPDpNHogQJMqRwtfocPApchoIpBxvNQmEopebveHcpvhNieQbnNIwNNKHOnocSdMpJymMNApRvRBaRsMGzQcuvHMNJuNsk",1.55737e+22,0.88,99,300,36,264,36,36,0,36,36,124,124,66,66,110,74,"True"
11,"[99]xHRdcLPDpNHogQJMqRwtfocPApchoIpBxvNQmEopebveHcpvhNieQbnNIwNNKHOnocSdMpJymMNApRvRBaRsMGzQcuvHMNJuNsk",4.70687e+19,0.874074,99,270,34,236,34,34,0,34,34,112,112,67,67,91,57,"True"
12,"[99]xHRdcLPDpNHogQJMqRwtfocPApchoIpBxvNQmEopebveHcpvhNieQbnNIwNNKHOnocSdMpJymMNApRvRBaRsMGzQcuvHMNJuNsk",7.35449e+19,0.869565,99,276,36,240,36,36,0,36,36,122,122,58,58,96,60,"True"
13,"[99]xHRdcLPDpNHogQJMqRwtfocPApchoIpBxvNQmEopebveHcpvhNieQbnNIwNNKHOnocSdMpJymMNApRvRBaRsMGzQcuvHMNJuNsk",2.38667e+16,0.871681,99,226,29,197,29,29,0,29,29,106,106,51,51,69,40,"True"
14,"[99]xHRdcLPDpNHogQJMqRwtfocPApchoIpBxvNQmEopebveHcpvhNieQbnNIwNNKHOnocSdMpJymMNApRvRBaRsMGzQcuvHMNJuNsk",4.70687e+19,0.871324,99,272,35,237,35,35,0,35,35,110,110,68,68,94,59,"True"
15,"[99]xHRdcLPDpNHogQJMqRwtfocPApchoIpBxvNQmEopebveHcpvhNieQbnNIwNNKHOnocSdMpJymMNApRvRBaRsMGzQcuvHMNJuNsk",6.379e+21,0.891608,99,286,31,255,31,31,0,31,31,130,130,68,68,88,57,"True"
16,"[99]xHRdcLPDpNHogQJMqRwtfocPApchoIpBxvNQmEopebveHcpvhNieQbnNIwNNKHOnocSdMpJymMNApRvRBaRsMGzQcuvHMNJuNsk",4.66146e+16,0.88,99,225,27,198,27,27,0,27,27,102,102,51,51,72,45,"True"
17,"[99]xHRdcLPDpNHogQJMqRwtfocPApchoIpBxvNQmEopebveHcpvhNieQbnNIwNNKHOnocSdMpJymMNApRvRBaRsMGzQcuvHMNJuNsk",6.78332e+17,0.870445,99,247,32,215,32,32,0,32,32,102,102,65,65,80,48,"True"
18,"[99]xHRdcLPDpNHogQJMqRwtfocPApchoIpBxvNQmEopebveHcpvhNieQbnNIwNNKHOnocSdMpJymMNApRvRBaRsMGzQcuvHMNJuNsk",1.04967e+15,0.885,99,200,23,177,23,23,0,23,23,87,87,41,41,72,49,"True"
19,"[99]xHRdcLPDpNHogQJMqRwtfocPApchoIpBxvNQmEopebveHcpvhNieQbnNIwNNKHOnocSdMpJymMNApRvRBaRsMGzQcuvHMNJuNsk",1.92794e+19,0.889764,99,254,28,226,28,28,0,28,28,118,118,58,58,78,50,"True"
20,"[99]xHRdcLPDpNHogQJMqRwtfocPApchoIpBxvNQmEopebveHcpvhNieQbnNIwNNKHOnocSdMpJymMNApRvRBaRsMGzQcuvHMNJuNsk",3.0124e+19,0.881679,99,262,31,231,31,31,0,31,31,107,107,60,60,95,64,"True"
21,"[99]xHRdcLPDpNHogQJMqRwtfocPApchoIpBxvNQmEopebveHcpvhNieQbnNIwNNKHOnocSdMpJymMNApRvRBaRsMGzQcuvHMNJuNsk",8.39735e+14,0.859155,99,213,30,183,30,30,0,30,30,99,99,48,48,66,36,"True"
22,"[99]xHRdcLPDpNHogQJMqRwtfocPApchoIpBxvNQmEopebveHcpvhNieQbnNIwNNKHOnocSdMpJymMNApRvRBaRsMGzQcuvHMNJuNsk",9.87103e+18,0.882353,99,255,30,225,30,30,0,30,30,105,105,63,63,87,57,"True"
23,"[99]xHRdcLPDpNHogQJMqRwtfocPApchoIpBxvNQmEopebveHcpvhNieQbnNIwNNKHOnocSdMpJymMNApRvRBaRsMGzQcuvHMNJuNsk",2.98334e+16,0.882353,99,221,26,195,26,26,0,26,26,100,100,50,50,71,45,"True"
24,"[99]xHRdcLPDpNHogQJMqRwtfocPApchoIpBxvNQmEopebveHcpvhNieQbnNIwNNKHOnocSdMpJymMNApRvRBaRsMGzQcuvHMNJuNsk",1.04967e+15,0.888889,99,198,22,176,22,22,0,22,22,90,90,45,45,63,41,"True"
25,"[99]xHRdcLPDpNHogQJMqRwtfocPApchoIpBxvNQmEopebveHcpvhNieQbnNIwNNKHOnocSdMpJymMNApRvRBaRsMGzQcuvHMNJuNsk",5.1032e+21,0.885813,99,289,33,256,33,33,0,33,33,116,116,70,70,103,70,"True"
26,"[99]xHRdcLPDpNHogQJMqRwtfocPApchoIpBxvNQmEopebveHcpvhNieQbnNIwNNKHOnocSdMpJymMNApRvRBaRsMGzQcuvHMNJuNsk",6.379e+21,0.873333,99,300,38,262,38,38,0,38,38,126,126,78,78,96,58,"True"
27,"[99]xHRdcLPDpNHogQJMqRwtfocPApchoIpBxvNQmEopebveHcpvhNieQbnNIwNNKHOnocSdMpJymMNApRvRBaRsMGzQcuvHMNJuNsk",5.1032e+21,0.883162,99,291,34,257,34,34,0,34,34,118,118,76,76,97,63,"True"
28,"[99]xHRdcLPDpNHogQJMqRwtfocPApchoIpBxvNQmEopebveHcpvhNieQbnNIwNNKHOnocSdMpJymMNApRvRBaRsMGzQcuvHMNJuNsk",3.7655e+19,0.888031,99,259,29,230,29,29,0,29,29,120,120,58,58,81,52,"True"
29,"[99]xHRdcLPDpNHogQJMqRwtfocPApchoIpBxvNQmEopebveHcpvhNieQbnNIwNNKHOnocSdMpJymMNApRvRBaRsMGzQcuvHMNJuNsk",4.75273e+22,0.884488,99,303,35,268,35,35,0,35,35,128,128,69,69,106,71,"True"
30,"[99]xHRdcLPDpNHogQJMqRwtfocPApchoIpBxvNQmEopebveHcpvhNieQbnNIwNNKHOnocSdMpJymMNApRvRBaRsMGzQcuvHMNJuNsk",9.19311e+19,0.908367,99,251,23,228,23,23,0,23,23,107,107,60,60,84,61,"True"
31,"[99]xHRdcLPDpNHogQJMqRwtfocPApchoIpBxvNQmEopebveHcpvhNieQbnNIwNNKHOnocSdMpJymMNApRvRBaRsMGzQcuvHMNJuNsk",1.07022e+21,0.877622,99,286,35,251,35,35,0,35,35,126,126,69,69,91,56,"True"
32,"[99]xHRdcLPDpNHogQJMqRwtfocPApchoIpBxvNQmEopebveHcpvhNieQbnNIwNNKHOnocSdMpJymMNApRvRBaRsMGzQcuvHMNJuNsk",2.40992e+19,0.872659,99,267,34,233,34,34,0,34,34,111,111,67,67,89,55,"True"
33,"[99]xHRdcLPDpNHogQJMqRwtfocPApchoIpBxvNQmEopebveHcpvhNieQbnNIwNNKHOnocSdMpJymMNApRvRBaRsMGzQcuvHMNJuNsk",4.08256e+21,0.862745,99,306,42,264,42,42,0,42,42,137,137,71,71,98,56,"True"
34,"[99]xHRdcLPDpNHogQJMqRwtfocPApchoIpBxvNQmEopebveHcpvhNieQbnNIwNNKHOnocSdMpJymMNApRvRBaRsMGzQcuvHMNJuNsk",9.87103e+18,0.882353,99,255,30,225,30,30,0,30,30,119,119,54,54,82,52,"True"
35,"[99]xHRdcLPDpNHogQJMqRwtfocPApchoIpBxvNQmEopebveHcpvhNieQbnNIwNNKHOnocSdMpJymMNApRvRBaRsMGzQcuvHMNJuNsk",2.40992e+19,0.890196,99,255,28,227,28,28,0,28,28,121,121,54,54,80,52,"True"
36,"[99]xHRdcLPDpNHogQJMqRwtfocPApchoIpBxvNQmEopebveHcpvhNieQbnNIwNNKHOnocSdMpJymMNApRvRBaRsMGzQcuvHMNJuNsk",1.2459e+22,0.864952,99,311,42,269,42,42,0,42,42,131,131,71,71,109,67,"True"
37,"[99]xHRdcLPDpNHogQJMqRwtfocPApchoIpBxvNQmEopebveHcpvhNieQbnNIwNNKHOnocSdMpJymMNApRvRBaRsMGzQcuvHMNJuNsk",1.54235e+19,0.883268,99,257,30,227,30,30,0,30,30,107,107,51,51,99,69,"True"
38,"[99]xHRdcLPDpNHogQJMqRwtfocPApchoIpBxvNQmEopebveHcpvhNieQbnNIwNNKHOnocSdMpJymMNApRvRBaRsMGzQcuvHMNJuNsk",1.14914e+20,0.870504,99,278,36,242,36,36,0,36,36,121,121,62,62,95,59,"True"
39,"[99]xHRdcLPDpNHogQJMqRwtfocPApchoIpBxvNQmEopebveHcpvhNieQbnNIwNNKHOnocSdMpJymMNApRvRBaRsMGzQcuvHMNJuNsk",9.10442e+16,0.868644,99,236,31,205,31,31,0,31,31,94,94,63,63,79,48,"True"
40,"[99]xHRdcLPDpNHogQJMqRwtfocPApchoIpBxvNQmEopebveHcpvhNieQbnNIwNNKHOnocSdMpJymMNApRvRBaRsMGzQcuvHMNJuNsk",1.05989e+18,0.90393,99,229,22,207,22,22,0,22,22,106,106,48,48,75,53,"True"
41,"[99]xHRdcLPDpNHogQJMqRwtfocPApchoIpBxvNQmEopebveHcpvhNieQbnNIwNNKHOnocSdMpJymMNApRvRBaRsMGzQcuvHMNJuNsk",1.08065e+24,0.887147,99,319,36,283,36,36,0,36,36,133,133,74,74,112,76,"True"
42,"[99]xHRdcLPDpNHogQJMqRwtfocPApchoIpBxvNQmEopebveHcpvhNieQbnNIwNNKHOnocSdMpJymMNApRvRBaRsMGzQcuvHMNJuNsk",3.04175e+22,0.881188,99,303,36,267,36,36,0,36,36,137,137,67,67,99,63,"True"
43,"[99]xHRdcLPDpNHogQJMqRwtfocPApchoIpBxvNQmEopebveHcpvhNieQbnNIwNNKHOnocSdMpJymMNApRvRBaRsMGzQcuvHMNJuNsk",2.07011e+18,0.870079,99,254,33,221,33,33,0,33,33,107,107,59,59,88,55,"True"
44,"[99]xHRdcLPDpNHogQJMqRwtfocPApchoIpBxvNQmEopebveHcpvhNieQbnNIwNNKHOnocSdMpJymMNApRvRBaRsMGzQcuvHMNJuNsk",1.54235e+19,0.874525,99,263,33,230,33,33,0,33,33,120,120,55,55,88,55,"True"
45,"[99]xHRdcLPDpNHogQJMqRwtfocPApchoIpBxvNQmEopebveHcpvhNieQbnNIwNNKHOnocSdMpJymMNApRvRBaRsMGzQcuvHMNJuNsk",1.54235e+19,0.90535,99,243,23,220,23,23,0,23,23,107,107,55,55,81,58,"True"
46,"[99]xHRdcLPDpNHogQJMqRwtfocPApchoIpBxvNQmEopebveHcpvhNieQbnNIwNNKHOnocSdMpJymMNApRvRBaRsMGzQcuvHMNJuNsk",1.94672e+22,0.890785,99,293,32,261,32,32,0,32,32,129,129,54,54,110,78,"True"
47,"[99]xHRdcLPDpNHogQJMqRwtfocPApchoIpBxvNQmEopebveHcpvhNieQbnNIwNNKHOnocSdMpJymMNApRvRBaRsMGzQcuvHMNJuNsk",2.24441e+20,0.871886,99,281,36,245,36,36,0,36,36,119,119,63,63,99,63,"True"
48,"[99]xHRdcLPDpNHogQJMqRwtfocPApchoIpBxvNQmEopebveHcpvhNieQbnNIwNNKHOnocSdMpJymMNApRvRBaRsMGzQcuvHMNJuNsk",3.50689e+20,0.875445,99,281,35,246,35,35,0,35,35,119,119,63,63,99,64,"True"
49,"[99]xHRdcLPDpNHogQJMqRwtfocPApchoIpBxvNQmEopebveHcpvhNieQbnNIwNNKHOnocSdMpJymMNApRvRBaRsMGzQcuvHMNJuNsk",3.80218e+22,0.876623,99,308,38,270,38,38,0,38,38,130,130,73,73,105,67,"True"
50,"[99]xHRdcLPDpNHogQJMqRwtfocPApchoIpBxvNQmEopebveHcpvhNieQbnNIwNNKHOnocSdMpJymMNApRvRBaRsMGzQcuvHMNJuNsk",6.31746e+18,0.878431,99,255,31,224,31,31,0,31,31,114,114,54,54,87,56,"True"
51,"[99]xHRdcLPDpNHogQJMqRwtfocPApchoIpBxvNQmEopebveHcpvhNieQbnNIwNNKHOnocSdMpJymMNApRvRBaRsMGzQcuvHMNJuNsk",8.56176e+20,0.890909,99,275,30,245,30,30,0,30,30,123,123,62,62,90,60,"True"
52,"[99]xHRdcLPDpNHogQJMqRwtfocPApchoIpBxvNQmEopebveHcpvhNieQbnNIwNNKHOnocSdMpJymMNApRvRBaRsMGzQcuvHMNJuNsk",1.32487e+18,0.8875,99,240,27,213,27,27,0,27,27,103,103,55,55,82,55,"True"
53,"[99]xHRdcLPDpNHogQJMqRwtfocPApchoIpBxvNQmEopebveHcpvhNieQbnNIwNNKHOnocSdMpJymMNApRvRBaRsMGzQcuvHMNJuNsk",6.31746e+18,0.881423,99,253,30,223,30,30,0,30,30,116,116,54,54,83,53,"True"
54,"[99]xHRdcLPDpNHogQJMqRwtfocPApchoIpBxvNQmEopebveHcpvhNieQbnNIwNNKHOnocSdMpJymMNApRvRBaRsMGzQcuvHMNJuNsk",1.67222e+21,0.886525,99,282,32,250,32,32,0,32,32,117,117,66,66,99,67,"True"
55,"[99]xHRdcLPDpNHogQJMqRwtfocPApchoIpBxvNQmEopebveHcpvhNieQbnNIwNNKHOnocSdMpJymMNApRvRBaRsMGzQcuvHMNJuNsk",8.47915e+17,0.877049,99,244,30,214,30,30,0,30,30,117,117,50,50,77,47,"True"
56,"[99]xHRdcLPDpNHogQJMqRwtfocPApchoIpBxvNQmEopebveHcpvhNieQbnNIwNNKHOnocSdMpJymMNApRvRBaRsMGzQcuvHMNJuNsk",2.77845e+17,0.874477,99,239,30,209,30,30,0,30,30,113,113,43,43,83,53,"True"
57,"[99]xHRdcLPDpNHogQJMqRwtfocPApchoIpBxvNQmEopebveHcpvhNieQbnNIwNNKHOnocSdMpJymMNApRvRBaRsMGzQcuvHMNJuNsk",7.35449e+19,0.880597,99,268,32,236,32,32,0,32,32,115,115,61,61,92,60,"True"
58,"[99]xHRdcLPDpNHogQJMqRwtfocPApchoIpBxvNQmEopebveHcpvhNieQbnNIwNNKHOnocSdMpJymMNApRvRBaRsMGzQcuvHMNJuNsk",4.34133e+17,0.857708,99,253,36,217,36,36,0,36,36,116,116,56,56,81,45,"True"
59,"[99]xHRdcLPDpNHogQJMqRwtfocPApchoIpBxvNQmEopebveHcpvhNieQbnNIwNNKHOnocSdMpJymMNApRvRBaRsMGzQcuvHMNJuNsk",1.65608e+18,0.866667,99,255,34,221,34,34,0,34,34,120,120,55,55,80,46,"True"
60,"[99]xHRdcLPDpNHogQJMqRwtfocPApchoIpBxvNQmEopebveHcpvhNieQbnNIwNNKHOnocSdMpJymMNApRvRBaRsMGzQcuvHMNJuNsk",9.19311e+19,0.878229,99,271,33,238,33,33,0,33,33,119,119,60,60,92,59,"True"
61,"[99]xHRdcLPDpNHogQJMqRwtfocPApchoIpBxvNQmEopebveHcpvhNieQbnNIwNNKHOnocSdMpJymMNApRvRBaRsMGzQcuvHMNJuNsk",9.7758e+15,0.883178,99,214,25,189,25,25,0,25,25,98,98,43,43,73,48,"True"
62,"[99]xHRdcLPDpNHogQJMqRwtfocPApchoIpBxvNQmEopebveHcpvhNieQbnNIwNNKHOnocSdMpJymMNApRvRBaRsMGzQcuvHMNJuNsk",4.70687e+19,0.868613,99,274,36,238,36,36,0,36,36,124,124,60,60,90,54,"True"
63,"[99]xHRdcLPDpNHogQJMqRwtfocPApchoIpBxvNQmEopebveHcpvhNieQbnNIwNNKHOnocSdMpJymMNApRvRBaRsMGzQcuvHMNJuNsk",1.92794e+19,0.87218,99,266,34,232,34,34,0,34,34,118,118,59,59,89,55,"True"
64,"[99]xHRdcLPDpNHogQJMqRwtfocPApchoIpBxvNQmEopebveHcpvhNieQbnNIwNNKHOnocSdMpJymMNApRvRBaRsMGzQcuvHMNJuNsk",1.77821e+17,0.900452,99,221,22,199,22,22,0,22,22,101,101,47,47,73,51,"True"
65,"[99]xHRdcLPDpNHogQJMqRwtfocPApchoIpBxvNQmEopebveHcpvhNieQbnNIwNNKHOnocSdMpJymMNApRvRBaRsMGzQcuvHMNJuNsk",5.05397e+18,0.858209,99,268,38,230,38,38,0,38,38,123,123,61,61,84,46,"True"
66,"[99]xHRdcLPDpNHogQJMqRwtfocPApchoIpBxvNQmEopebveHcpvhNieQbnNIwNNKHOnocSdMpJymMNApRvRBaRsMGzQcuvHMNJuNsk",3.47306e+17,0.878151,99,238,29,209,29,29,0,29,29,110,110,50,50,78,49,"True"
67,"[99]xHRdcLPDpNHogQJMqRwtfocPApchoIpBxvNQmEopebveHcpvhNieQbnNIwNNKHOnocSdMpJymMNApRvRBaRsMGzQcuvHMNJuNsk",3.54106e+23,0.880503,99,318,38,280,38,38,0,38,38,130,130,77,77,111,73,"False"
68,"[99]xHRdcLPDpNHogQJMqRwtfocPApchoIpBxvNQmEopebveHcpvhNieQbnNIwNNKHOnocSdMpJymMNApRvRBaRsMGzQcuvHMNJuNsk",2.56267e+15,0.869159,99,214,28,186,28,28,0,28,28,104,104,47,47,63,35,"True"
69,"[99]xHRdcLPDpNHogQJMqRwtfocPApchoIpBxvNQmEopebveHcpvhNieQbnNIwNNKHOnocSdMpJymMNApRvRBaRsMGzQcuvHMNJuNsk",6.91613e+23,0.88162,99,321,38,283,38,38,0,38,38,141,141,71,71,109,71,"False"
70,"[99]xHRdcLPDpNHogQJMqRwtfocPApchoIpBxvNQmEopebveHcpvhNieQbnNIwNNKHOnocSdMpJymMNApRvRBaRsMGzQcuvHMNJuNsk",2.4334e+22,0.896552,99,290,30,260,30,30,0,30,30,117,117,69,69,104,74,"True"
71,"[99]xHRdcLPDpNHogQJMqRwtfocPApchoIpBxvNQmEopebveHcpvhNieQbnNIwNNKHOnocSdMpJymMNApRvRBaRsMGzQcuvHMNJuNsk",7.89683e+18,0.878906,99,256,31,225,31,31,0,31,31,110,110,54,54,92,61,"True"
72,"[99]xHRdcLPDpNHogQJMqRwtfocPApchoIpBxvNQmEopebveHcpvhNieQbnNIwNNKHOnocSdMpJymMNApRvRBaRsMGzQcuvHMNJuNsk",2.09027e+21,0.876289,99,291,36,255,36,36,0,36,36,125,125,62,62,104,68,"True"
73,"[99]xHRdcLPDpNHogQJMqRwtfocPApchoIpBxvNQmEopebveHcpvhNieQbnNIwNNKHOnocSdMpJymMNApRvRBaRsMGzQcuvHMNJuNsk",5.82683e+16,0.887387,99,222,25,197,25,25,0,25,25,101,101,46,46,75,50,"True"
74,"[99]xHRdcLPDpNHogQJMqRwtfocPApchoIpBxvNQmEopebveHcpvhNieQbnNIwNNKHOnocSdMpJymMNApRvRBaRsMGzQcuvHMNJuNsk",2.07011e+18,0.876,99,250,31,219,31,31,0,31,31,108,108,55,55,87,56,"True"
75,"[99]xHRdcLPDpNHogQJMqRwtfocPApchoIpBxvNQmEopebveHcpvhNieQbnNIwNNKHOnocSdMpJymMNApRvRBaRsMGzQcuvHMNJuNsk",2.22276e+17,0.864754,99,244,33,211,33,33,0,33,33,104,104,58,58,82,49,"True"
76,"[99]xHRdcLPDpNHogQJMqRwtfocPApchoIpBxvNQmEopebveHcpvhNieQbnNIwNNKHOnocSdMpJymMNApRvRBaRsMGzQcuvHMNJuNsk",2.61284e+21,0.87415,99,294,37,257,37,37,0,37,37,125,125,66,66,103,66,"True"
77,"[99]xHRdcLPDpNHogQJMqRwtfocPApchoIpBxvNQmEopebveHcpvhNieQbnNIwNNKHOnocSdMpJymMNApRvRBaRsMGzQcuvHMNJuNsk",4.75273e+22,0.879479,99,307,37,270,37,37,0,37,37,132,132,70,70,105,68,"True"
78,"[99]xHRdcLPDpNHogQJMqRwtfocPApchoIpBxvNQmEopebveHcpvhNieQbnNIwNNKHOnocSdMpJymMNApRvRBaRsMGzQcuvHMNJuNsk",4.70687e+19,0.871324,99,272,35,237,35,35,0,35,35,107,107,62,62,103,68,"True"
79,"[99]xHRdcLPDpNHogQJMqRwtfocPApchoIpBxvNQmEopebveHcpvhNieQbnNIwNNKHOnocSdMpJymMNApRvRBaRsMGzQcuvHMNJuNsk",4.04317e+18,0.88664,99,247,28,219,28,28,0,28,28,115,115,49,49,83,55,"True"
80,"[99]xHRdcLPDpNHogQJMqRwtfocPApchoIpBxvNQmEopebveHcpvhNieQbnNIwNNKHOnocSdMpJymMNApRvRBaRsMGzQcuvHMNJuNsk",9.7758e+15,0.87963,99,216,26,190,26,26,0,26,26,99,99,52,52,65,39,"True"
81,"[99]xHRdcLPDpNHogQJMqRwtfocPApchoIpBxvNQmEopebveHcpvhNieQbnNIwNNKHOnocSdMpJymMNApRvRBaRsMGzQcuvHMNJuNsk",5.1032e+21,0.875421,99,297,37,260,37,37,0,37,37,133,133,60,60,104,67,"True"
82,"[99]xHRdcLPDpNHogQJMqRwtfocPApchoIpBxvNQmEopebveHcpvhNieQbnNIwNNKHOnocSdMpJymMNApRvRBaRsMGzQcuvHMNJuNsk",1.22197e+16,0.898551,99,207,21,186,21,21,0,21,21,94,94,48,48,65,44,"True"
83,"[99]xHRdcLPDpNHogQJMqRwtfocPApchoIpBxvNQmEopebveHcpvhNieQbnNIwNNKHOnocSdMpJymMNApRvRBaRsMGzQcuvHMNJuNsk",5.00521e+15,0.860987,99,223,31,192,31,31,0,31,31,109,109,46,46,68,37,"True"
84,"[99]xHRdcLPDpNHogQJMqRwtfocPApchoIpBxvNQmEopebveHcpvhNieQbnNIwNNKHOnocSdMpJymMNApRvRBaRsMGzQcuvHMNJuNsk",3.7655e+19,0.885057,99,261,30,231,30,30,0,30,30,130,130,47,47,84,54,"True"
85,"[99]xHRdcLPDpNHogQJMqRwtfocPApchoIpBxvNQmEopebveHcpvhNieQbnNIwNNKHOnocSdMpJymMNApRvRBaRsMGzQcuvHMNJuNsk",3.47306e+17,0.881356,99,236,28,208,28,28,0,28,28,115,115,48,48,73,45,"True"
86,"[99]xHRdcLPDpNHogQJMqRwtfocPApchoIpBxvNQmEopebveHcpvhNieQbnNIwNNKHOnocSdMpJymMNApRvRBaRsMGzQcuvHMNJuNsk",3.72917e+16,0.869565,99,230,30,200,30,30,0,30,30,110,110,51,51,69,39,"True"
87,"[99]xHRdcLPDpNHogQJMqRwtfocPApchoIpBxvNQmEopebveHcpvhNieQbnNIwNNKHOnocSdMpJymMNApRvRBaRsMGzQcuvHMNJuNsk",9.87103e+18,0.894737,99,247,26,221,26,26,0,26,26,112,112,47,47,88,62,"True"
88,"[99]xHRdcLPDpNHogQJMqRwtfocPApchoIpBxvNQmEopebveHcpvhNieQbnNIwNNKHOnocSdMpJymMNApRvRBaRsMGzQcuvHMNJuNsk",1.16033e+23,0.881029,99,311,37,274,37,37,0,37,37,130,130,70,70,111,74,"True"
89,"[99]xHRdcLPDpNHogQJMqRwtfocPApchoIpBxvNQmEopebveHcpvhNieQbnNIwNNKHOnocSdMpJymMNApRvRBaRsMGzQcuvHMNJuNsk",5.88359e+19,0.86121,99,281,39,242,39,39,0,39,39,120,120,64,64,97,58,"True"
90,"[99]xHRdcLPDpNHogQJMqRwtfocPApchoIpBxvNQmEopebveHcpvhNieQbnNIwNNKHOnocSdMpJymMNApRvRBaRsMGzQcuvHMNJuNsk",2.38667e+16,0.862069,99,232,32,200,32,32,0,32,32,113,113,46,46,73,41,"True"
91,"[99]xHRdcLPDpNHogQJMqRwtfocPApchoIpBxvNQmEopebveHcpvhNieQbnNIwNNKHOnocSdMpJymMNApRvRBaRsMGzQcuvHMNJuNsk",5.82683e+16,0.890909,99,220,24,196,24,24,0,24,24,106,106,46,46,68,44,"True"
92,"[99]xHRdcLPDpNHogQJMqRwtfocPApchoIpBxvNQmEopebveHcpvhNieQbnNIwNNKHOnocSdMpJymMNApRvRBaRsMGzQcuvHMNJuNsk",2.09027e+21,0.881533,99,287,34,253,34,34,0,34,34,129,129,62,62,96,62,"True"
93,"[99]xHRdcLPDpNHogQJMqRwtfocPApchoIpBxvNQmEopebveHcpvhNieQbnNIwNNKHOnocSdMpJymMNApRvRBaRsMGzQcuvHMNJuNsk",7.42614e+22,0.887789,99,303,34,269,34,34,0,34,34,131,131,62,62,110,76,"True"
94,"[99]xHRdcLPDpNHogQJMqRwtfocPApchoIpBxvNQmEopebveHcpvhNieQbnNIwNNKHOnocSdMpJymMNApRvRBaRsMGzQcuvHMNJuNsk",6.78332e+17,0.896104,99,231,24,207,24,24,0,24,24,108,108,44,44,79,55,"True"
95,"[99]xHRdcLPDpNHogQJMqRwtfocPApchoIpBxvNQmEopebveHcpvhNieQbnNIwNNKHOnocSdMpJymMNApRvRBaRsMGzQcuvHMNJuNsk",9.10442e+16,0.884956,99,226,26,200,26,26,0,26,26,105,105,52,52,69,43,"True"
96,"[99]xHRdcLPDpNHogQJMqRwtfocPApchoIpBxvNQmEopebveHcpvhNieQbnNIwNNKHOnocSdMpJymMNApRvRBaRsMGzQcuvHMNJuNsk",1.54235e+19,0.889328,99,253,28,225,28,28,0,28,28,122,122,51,51,80,52,"True"
97,"[99]xHRdcLPDpNHogQJMqRwtfocPApchoIpBxvNQmEopebveHcpvhNieQbnNIwNNKHOnocSdMpJymMNApRvRBaRsMGzQcuvHMNJuNsk",3.0124e+19,0.87594,99,266,33,233,33,33,0,33,33,127,127,62,62,77,44,"True"
98,"[99]xHRdcLPDpNHogQJMqRwtfocPApchoIpBxvNQmEopebveHcpvhNieQbnNIwNNKHOnocSdMpJymMNApRvRBaRsMGzQcuvHMNJuNsk",1.54235e+19,0.860806,99,273,38,235,38,38,0,38,38,118,118,62,62,93,55,"True"
99,"[99]xHRdcLPDpNHogQJMqRwtfocPApchoIpBxvNQmEopebveHcpvhNieQbnNIwNNKHOnocSdMpJymMNApRvRBaRsMGzQcuvHMNJuNsk",8.47915e+17,0.880165,99,242,29,213,29,29,0,29,29,97,97,54,54,91,62,"True"
